span:
    offset: 128250
    width: 10000000
events:
    -
        offset: 628250
        width: 2750
    -
        offset: 1629500
        width: 3000
    -
        offset: 2638000
        width: 4000
    -
        offset: 3642750
        width: 3000
    -
        offset: 4650000
        width: 3500
    -
        offset: 5651000
        width: 4250
    -
        offset: 6659250
        width: 3000
    -
        offset: 7660000
        width: 3000
    -
        offset: 8667500
        width: 3000
    -
        offset: 9677750
        width: 3000
sleep:
    avg: 0.0000025256345604383057
    std: 7.154380811273133e-7
    p95: 5.197189238970168e-7
    'off': 43000
options:
    - '--trim 10'
version: 25.2.0
