span:
    offset: 429500
    width: 10000000
events:
    -
        offset: 929500
        width: 2750
    -
        offset: 1931000
        width: 2500
    -
        offset: 2933500
        width: 2500
    -
        offset: 3943000
        width: 2500
    -
        offset: 4949750
        width: 2500
    -
        offset: 5953000
        width: 2500
    -
        offset: 6956000
        width: 2750
    -
        offset: 7961750
        width: 2500
    -
        offset: 8968000
        width: 2500
    -
        offset: 9974750
        width: 2750
sleep:
    avg: 0.000003879931342112286
    std: 6.070050956572034e-7
    p95: 5.785320809081895e-7
    'off': 16000
options:
    - '--trim 10'
version: 25.2.0
